1
1
1
2
1
6
1
7
1
10
1
14
1
17
1
20
1
31
1
22
1
38
1
26
1
21
2
4
2
7
2
9
2
10
2
11
2
14
2
17
2
23
2
28
2
31
2
33
2
35
3
1
3
4
3
7
3
9
3
10
3
11
3
17
3
20
3
33
3
38
7
1
7
2
7
5
7
7
7
8
7
11
7
13
7
15
7
19
7
21
7
22
7
25
7
28
7
30
7
31
7
33
7
36
7
37
8
2
8
3
8
6
8
8
8
9
8
10
8
11
8
13
8
15
8
16
8
17
8
20
8
21
8
23
8
26
8
28
8
31
8
32
9
1
9
5
9
7
9
8
9
9
9
11
9
12
9
18
9
19
9
20
9
21
9
23
9
25
9
27
9
29
9
30
9
31
9
33
10
3
10
4
10
6
10
8
10
9
10
11
10
13
10
15
10
16
10
17
10
21
10
22
10
26
10
27
10
28
10
31
10
33
10
38
